100 100
984611856 108681
984611856 15479
984611851 43014
984611856 80826
984611858 135815
984611856 29447
984611856 1404
984611856 173963
984611856 145056
984611856 198984
984611856 8060
984611852 149745
984611856 69385
984611856 31353
984611856 95563
984611856 174453
984611856 71459
984611858 180482
984611856 152297
984611856 183208
984611856 90974
984611856 148938
984611856 70695
984611856 164471
984611853 141955
984611856 187865
984611852 160952
984611856 182776
984611856 102353
984611856 68317
984611852 117409
984611856 193081
984611856 168447
984611856 169858
984611856 85814
984611859 133840
984611856 18374
984611856 86766
984611856 44868
984611856 121425
984611856 111304
984611856 173750
984611856 102992
984611860 49650
984611856 34669
984611856 177822
984611856 149249
984611856 106381
984611856 158190
984611856 50237
984611856 135725
984611856 139926
984611856 63799
984611856 109826
984611856 162212
984611856 171888
984611856 187623
984611860 1601
984611856 166946
984611856 111619
984611856 142445
984611856 142808
984611856 183522
984611856 192189
984611856 2542
984611856 99654
984611856 102486
984611851 69661
984611856 76961
984611854 181903
984611856 60113
984611856 189772
984611856 49554
984611856 53224
984611856 40436
984611854 96431
984611856 76325
984611856 154263
984611856 165925
984611856 16755
984611855 2202
984611856 69083
984611856 59486
984611858 122541
984611856 108345
984611856 145468
984611856 107501
984611856 130310
984611856 61785
984611856 12492
984611856 98665
984611856 6996
984611856 153696
984611856 174105
984611856 107149
984611856 86542
984611856 44535
984611856 164087
984611856 163082
984611856 33799
26 143041
99 162105
23 155865
10 129748
66 117506
77 143887
41 82710
89 88392
89 72018
31 173439
56 21018
7 169431
89 96434
25 159384
75 3974
11 104432
50 41635
80 161581
32 101116
61 113540
37 88998
71 46478
87 117916
89 137285
19 155707
80 34124
79 8903
10 190948
86 3365
94 141112
51 17311
44 160082
94 107811
46 130339
37 158596
79 175359
80 106167
96 154078
65 57368
82 86941
73 111395
42 183483
26 140795
33 80540
83 131814
24 59658
99 68558
25 18351
22 63106
91 187483
90 53491
23 37380
39 170551
62 69633
40 124042
3 121167
36 26952
39 179916
1 84916
16 124607
61 95413
54 18318
19 36563
14 119557
95 142910
29 7446
15 184648
30 90772
15 199270
24 81911
18 165106
65 46491
14 57964
77 200000
37 98996
4 127243
90 7506
88 48964
100 146287
36 194839
35 92697
19 170515
1 51395
42 7149
75 120962
62 26686
49 181841
27 4417
81 94606
8 153430
65 64379
20 106690
12 161918
62 55789
5 187489
74 166626
20 188370
94 158994
83 18980
10 87697
