100 100
861648772 90081
861648772 133447
861648772 190629
861648772 103497
861648772 47202
861648772 7775
861648772 94325
861648772 163982
861648772 4784
861648772 168417
861648772 102156
861648772 31932
861648772 135902
861648772 95728
861648772 78537
861648772 123857
861648772 130739
861648772 86918
861648772 129211
861648772 139679
861648772 38506
861648772 63340
861648772 86568
861648772 161868
861648772 60016
861648772 87940
861648772 96263
861648772 24593
861648772 1449
861648772 36991
861648772 90310
861648772 23355
861648772 177068
861648772 11431
861648772 8580
861648772 91757
861648772 49218
861648772 174934
861648772 194328
861648772 163676
861648772 29355
861648772 196221
861648772 99080
861648772 195922
861648772 131545
861648772 148511
861648772 34067
861648772 175467
861648772 138674
861648772 84691
861648772 6504
861648772 199835
861648772 62034
861648772 144965
861648772 159980
861648772 181221
861648772 45895
861648772 32501
861648772 148152
861648772 108325
861648772 147731
861648772 29302
861648772 48153
861648772 109896
861648772 119022
861648772 197489
861648772 8399
861648772 70607
861648772 166466
861648772 174432
861648772 31502
861648772 53968
861648772 28333
861648772 187475
861648772 33792
861648772 100084
861648772 187010
861648772 179694
861648772 27328
861648772 7354
861648772 24712
861648772 138409
861648772 16480
861648772 102643
861648772 128121
861648772 151951
861648772 123492
861648772 4420
861648772 128197
861648772 28607
861648772 97925
861648772 72167
861648772 160717
861648772 163438
861648772 89200
861648772 106986
861648772 16104
861648772 176483
861648772 23620
861648772 109806
81 76858
59 56553
2 123554
62 172325
35 109279
64 27327
49 29832
95 108200
20 187658
39 189992
30 26467
89 7958
81 146600
66 61473
29 179775
81 189770
55 183718
28 16807
35 81898
52 186530
11 179569
48 3384
54 108913
14 16315
86 89334
82 101392
26 71008
53 70962
57 114850
31 22061
85 171588
5 2980
64 41890
52 68747
43 181740
93 87469
70 12516
43 196007
25 3299
12 157163
99 63571
76 187455
17 193590
43 114427
20 141342
84 84239
96 165875
1 131258
49 43377
40 137428
38 172455
17 171653
33 11768
57 127307
56 126878
77 45368
99 54882
41 171826
64 143269
1 122098
98 76763
15 185413
95 96523
71 80206
57 45904
10 121410
44 147611
84 90410
59 49262
94 158949
7 168546
37 197987
79 22306
85 189291
42 186542
34 11094
51 192089
98 35729
12 29964
97 41823
20 15297
80 104917
38 127176
83 7965
40 153541
55 110003
16 118256
13 37611
74 54931
24 69609
76 100304
51 84199
76 68825
93 53939
37 144374
23 76846
19 81154
57 180814
43 171886
97 3100
